# CLESUM: The conformation letter substitution matrix from the CLePAPS paper
      A    B    C    D    E    F    G    H    I    J    K    L    M    N    O    P    Q
A    73   20   13  -17  -25  -20   -6  -45  -31  -23  -19  -11   -2   10   25   35   16
B    20   51    7   13   15    7   13  -96  -74  -57  -50  -12  -13  -11  -12   42   12
C    13    7   53   21    3   20   -4  -77  -56  -43  -33    0  -12   -5    3    4   29
D   -17   13   21   52   22   21  -31 -124 -105  -88  -81  -22  -49  -44  -42  -10   14
E   -25   15    3   22   36   26  -22 -127 -108  -93  -84  -21  -47  -43  -48   -5   -6
F   -20    7   20   21   26   50   -5 -107  -88  -73  -69  -16  -33  -32  -30    0    3
G    -6   13   -4  -31  -22   -5   69  -51  -34  -21  -13   29   21   -8   -1    5    8
H   -45  -96  -77 -124 -127 -107  -51   23   18   13    5  -62   -4  -34  -55  -60  -87
I   -31  -74  -56 -105 -108  -88  -34   18   23   16   21  -41    1  -11  -34  -49  -62
J   -23  -57  -43  -88  -93  -73  -21   13   16   37   13  -32   16   -2  -24  -34  -44
K   -19  -50  -33  -81  -84  -69  -13    5   21   13   49   -1   12   28    5  -36  -24
L   -11  -12    0  -22  -21  -16   29  -62  -41  -32   -1   74    5    8   -4  -12   26
M    -2  -13  -12  -49  -47  -33   21   -4    1   16   12    5   61    7    5    8   -7
N    10  -11   -5  -44  -43  -32   -8  -34  -11   -2   28    8    7   90   15   -3   32
O    25  -12    3  -42  -48  -30   -1  -55  -34  -24    5   -4    5   15  104    4  -13
P    35   42    4  -10   -5    0    5  -60  -49  -34  -36  -12    8   -3    4   66    7
Q    16   12   29   14   -6    3    8  -87  -62  -44  -24   26   -7   32  -13    7   90
